aruco_lookup_locations:
  target_1: [-5.709615, -3.806803, 1.234598, 0, 0, 1.57]
  target_2: [-2.510293, 1.125585, 2]
  target_3: [-0.289296, -1.282680, 3]
  target_4: [7.710214, -1.716889, 4]