aruco_lookup_locations:
  target_1: [-1.752882, 3.246192, 1]
  target_2: [-2.510293, 1.125585, 2]
  target_3: [-0.289296, -1.282680, 3]
  target_4: [7.710214, -1.716889, 4]